Genero,Meses,M3SD,M2SD,M1SD,Median,1DS,2SD,3SD
M,61,12.7,14.4,16.3,18.5,21.1,24.2,27.8
M,62,12.8,14.5,16.4,18.7,21.3,24.4,28.1
M,63,13,14.6,16.6,18.9,21.5,24.7,28.4
M,64,13.1,14.8,16.7,19,21.7,24.9,28.8
M,65,13.2,14.9,16.9,19.2,22,25.2,29.1
M,66,13.3,15,17,19.4,22.2,25.5,29.4
M,67,13.4,15.2,17.2,19.6,22.4,25.7,29.8
M,68,13.6,15.3,17.4,19.8,22.6,26,30.1
M,69,13.7,15.4,17.5,19.9,22.8,26.3,30.4
M,70,13.8,15.6,17.7,20.1,23.1,26.6,30.8
M,71,13.9,15.7,17.8,20.3,23.3,26.8,31.2
M,72,14.1,15.9,18,20.5,23.5,27.1,31.5
M,73,14.2,16,18.2,20.7,23.7,27.4,31.9
M,74,14.3,16.2,18.3,20.9,24,27.7,32.2
M,75,14.5,16.3,18.5,21.1,24.2,28,32.6
M,76,14.6,16.5,18.7,21.3,24.4,28.3,33
M,77,14.7,16.6,18.8,21.5,24.7,28.6,33.3
M,78,14.9,16.8,19,21.7,24.9,28.9,33.7
M,79,15,16.9,19.2,21.9,25.2,29.2,34.1
M,80,15.1,17.1,19.3,22.1,25.4,29.5,34.5
M,81,15.3,17.2,19.5,22.3,25.6,29.8,34.9
M,82,15.4,17.4,19.7,22.5,25.9,30.1,35.3
M,83,15.5,17.5,19.9,22.7,26.1,30.4,35.7
M,84,15.7,17.7,20,22.9,26.4,30.7,36.1
M,85,15.8,17.8,20.2,23.1,26.6,31,36.5
M,86,15.9,18,20.4,23.3,26.9,31.3,36.9
M,87,16.1,18.1,20.6,23.5,27.1,31.7,37.4
M,88,16.2,18.3,20.7,23.7,27.4,32,37.8
M,89,16.3,18.4,20.9,23.9,27.7,32.3,38.2
M,90,16.5,18.6,21.1,24.1,27.9,32.6,38.7
M,91,16.6,18.7,21.3,24.3,28.2,33,39.1
M,92,16.7,18.9,21.4,24.6,28.4,33.3,39.6
M,93,16.9,19,21.6,24.8,28.7,33.7,40.1
M,94,17,19.2,21.8,25,29,34,40.5
M,95,17.1,19.3,22,25.2,29.2,34.4,41
M,96,17.3,19.5,22.1,25.4,29.5,34.7,41.5
M,97,17.4,19.6,22.3,25.6,29.8,35.1,42
M,98,17.5,19.8,22.5,25.9,30.1,35.5,42.5
M,99,17.7,19.9,22.7,26.1,30.3,35.8,43.1
M,100,17.8,20.1,22.9,26.3,30.6,36.2,43.6
M,101,17.9,20.2,23,26.5,30.9,36.6,44.1
M,102,18.1,20.4,23.2,26.7,31.2,37,44.7
M,103,18.2,20.5,23.4,27,31.5,37.4,45.2
M,104,18.3,20.7,23.6,27.2,31.8,37.8,45.8
M,105,18.4,20.8,23.8,27.4,32.1,38.2,46.4
M,106,18.6,21,23.9,27.6,32.4,38.6,47
M,107,18.7,21.1,24.1,27.9,32.7,39,47.6
M,108,18.8,21.3,24.3,28.1,33,39.4,48.2
M,109,18.9,21.4,24.5,28.3,33.3,39.9,48.8
M,110,19.1,21.6,24.7,28.6,33.6,40.3,49.5
M,111,19.2,21.7,24.9,28.8,33.9,40.7,50.1
M,112,19.3,21.9,25.1,29.1,34.3,41.2,50.8
M,113,19.5,22.1,25.3,29.3,34.6,41.7,51.5
M,114,19.6,22.2,25.5,29.6,34.9,42.1,52.1
M,115,19.7,22.4,25.7,29.8,35.3,42.6,52.8
M,116,19.9,22.5,25.9,30.1,35.6,43.1,53.5
M,117,20,22.7,26.1,30.4,36,43.5,54.2
M,118,20.1,22.9,26.3,30.6,36.3,44,55
M,119,20.3,23,26.5,30.9,36.7,44.5,55.7
M,120,20.4,23.2,26.7,31.2,37,45,56.4
F,61,12.4,14,15.9,18.3,21.2,24.8,29.5
F,62,12.5,14.1,16,18.4,21.4,25.1,29.8
F,63,12.6,14.2,16.2,18.6,21.6,25.4,30.2
F,64,12.7,14.3,16.3,18.8,21.8,25.6,30.5
F,65,12.8,14.4,16.5,19,22,25.9,30.9
F,66,12.9,14.6,16.6,19.1,22.2,26.2,31.3
F,67,13,14.7,16.8,19.3,22.5,26.5,31.6
F,68,13.1,14.8,16.9,19.5,22.7,26.7,32
F,69,13.2,14.9,17,19.6,22.9,27,32.3
F,70,13.3,15,17.2,19.8,23.1,27.3,32.7
F,71,13.4,15.2,17.3,20,23.3,27.6,33.1
F,72,13.5,15.3,17.5,20.2,23.5,27.8,33.4
F,73,13.6,15.4,17.6,20.3,23.8,28.1,33.8
F,74,13.7,15.5,17.8,20.5,24,28.4,34.2
F,75,13.8,15.6,17.9,20.7,24.2,28.7,34.6
F,76,13.9,15.8,18,20.9,24.4,29,35
F,77,14,15.9,18.2,21,24.6,29.3,35.4
F,78,14.1,16,18.3,21.2,24.9,29.6,35.8
F,79,14.2,16.1,18.5,21.4,25.1,29.9,36.2
F,80,14.3,16.3,18.6,21.6,25.3,30.2,36.6
F,81,14.4,16.4,18.8,21.8,25.6,30.5,37
F,82,14.5,16.5,18.9,22,25.8,30.8,37.4
F,83,14.6,16.6,19.1,22.2,26.1,31.1,37.8
F,84,14.8,16.8,19.3,22.4,26.3,31.4,38.3
F,85,14.9,16.9,19.4,22.6,26.6,31.8,38.7
F,86,15,17.1,19.6,22.8,26.8,32.1,39.2
F,87,15.1,17.2,19.8,23,27.1,32.5,39.6
F,88,15.2,17.3,19.9,23.2,27.4,32.8,40.1
F,89,15.4,17.5,20.1,23.4,27.6,33.1,40.6
F,90,15.5,17.6,20.3,23.6,27.9,33.5,41.1
F,91,15.6,17.8,20.5,23.9,28.2,33.9,41.5
F,92,15.7,17.9,20.7,24.1,28.5,34.2,42
F,93,15.9,18.1,20.9,24.3,28.8,34.6,42.6
F,94,16,18.3,21,24.5,29.1,35,43.1
F,95,16.2,18.4,21.2,24.8,29.4,35.4,43.6
F,96,16.3,18.6,21.4,25,29.7,35.8,44.1
F,97,16.4,18.8,21.6,25.3,30,36.2,44.7
F,98,16.6,18.9,21.8,25.5,30.3,36.6,45.2
F,99,16.7,19.1,22,25.8,30.6,37,45.8
F,100,16.9,19.3,22.3,26,30.9,37.4,46.3
F,101,17,19.5,22.5,26.3,31.2,37.8,46.9
F,102,17.2,19.6,22.7,26.6,31.6,38.3,47.5
F,103,17.3,19.8,22.9,26.8,31.9,38.7,48.1
F,104,17.5,20,23.1,27.1,32.2,39.1,48.7
F,105,17.7,20.2,23.3,27.4,32.6,39.6,49.3
F,106,17.8,20.4,23.6,27.6,32.9,40,49.9
F,107,18,20.6,23.8,27.9,33.3,40.5,50.5
F,108,18.1,20.8,24,28.2,33.6,41,51.1
F,109,18.3,21,24.3,28.5,34,41.4,51.8
F,110,18.5,21.2,24.5,28.8,34.4,41.9,52.4
F,111,18.7,21.4,24.7,29.1,34.7,42.4,53.1
F,112,18.8,21.6,25,29.4,35.1,42.9,53.7
F,113,19,21.8,25.2,29.7,35.5,43.3,54.4
F,114,19.2,22,25.5,30,35.9,43.8,55
F,115,19.4,22.2,25.7,30.3,36.2,44.3,55.7
F,116,19.5,22.4,26,30.6,36.6,44.8,56.4
F,117,19.7,22.6,26.2,30.9,37,45.3,57.1
F,118,19.9,22.8,26.5,31.2,37.4,45.8,57.8
F,119,20.1,23,26.8,31.5,37.8,46.4,58.5
F,120,20.3,23.3,27,31.9,38.2,46.9,59.2
